19
2
6
10
12
19
-1
0
-18
7
9
-7
-2
13
7
10
5
-6
9
-9
-14
14
16
-18
-8
-4
19
12
1
20
2
-18
-13
4
17
-8
13
-7
-15
18
0
6
5
-16
16
10
-10
-4
-15
-9
13
9
-16
-2
-6
17
0
0
-8
20
20
-10
-18
20
11
13
18
-10
0
-19
-7
18
5
-18
11
8
19
-20
-12
3
-17
-19
-6
10
3
7
-2
4
-3
1
-15
20
-18
9
-20
-7
-8
-10
15
-9
7
19
16
17
3
-13
6
-9
19
15
7
0
-14
3
8
-8
-3
-10
16
-8
20
-11
12
-9
9
15
1
4
18
4
-6
-2
4
3
0
3
11
-2
-18
3
-6
12
16
-2
-1
13
-13
-6
-4
-3
9
10
4
17
-2
18
14
13
-20
2
-15
-5
17
9
20
-2
7
17
2
18
-2
-15
-17
-14
-2
-12
-20
-7
-20
10
-15
8
18
-16
-16
-10
12
19
2
-17
-18
18
16
-3
-3
-20
18
-1
14
-7
-11
0
10
-11
-20
-9
17
11
14
18
15
19
6
-20
4
-1
-9
5
-15
-10
16
15
-2
-15
5
-10
-11
-9
20
15
16
-5
19
8
14
18
-14
5
15
12
3
-9
-6
-13
13
8
7
10
3
7
-2
-8
17
-18
13
13
-9
3
-18
16
-12
14
17
1
-2
3
19
7
-7
-1
-5
-11
-15
1
-17
-12
-3
-12
-11
2
-20
14
6
18
9
-4
-2
6
-9
-4
4
16
20
-9
-20
12
7
-4
-6
-2
